# La primera línea indica la cantidad de minutos a considerar (n). Luego vienen n líneas que corresponden a los x_i, y luego los n valores que corresponden a la función f(.):
1000
481
559
544
696
397
458
28
166
204
687
40
844
22
753
946
373
774
50
806
205
557
667
101
932
331
720
353
24
260
340
993
763
480
325
298
823
495
690
309
789
114
190
670
874
147
841
712
350
313
525
289
878
517
941
195
273
441
326
811
996
569
452
757
624
146
61
10
945
674
268
690
387
608
765
34
878
263
533
125
878
144
377
755
739
730
364
928
773
358
442
64
437
222
930
398
544
489
246
787
384
306
507
917
105
930
563
668
347
623
618
613
613
877
976
602
895
655
493
76
137
886
714
675
704
156
681
828
973
435
524
636
580
638
569
423
515
844
215
30
666
522
85
354
485
467
149
427
977
522
894
25
983
913
621
152
500
487
851
480
497
55
539
594
343
531
21
383
175
31
438
981
594
519
429
68
791
157
434
954
962
221
372
243
149
895
955
235
688
483
902
124
556
514
301
694
425
974
209
590
777
930
355
254
440
455
746
791
676
702
448
478
273
26
606
353
887
243
357
394
201
151
29
702
165
399
94
454
450
522
126
689
960
117
578
205
371
449
39
922
227
657
104
660
151
499
162
756
539
850
100
222
326
545
357
931
676
952
298
442
592
571
767
515
872
21
426
270
756
187
459
537
991
370
972
428
61
210
997
486
379
350
372
859
515
12
35
988
267
759
710
510
932
896
148
494
221
495
407
20
77
131
542
43
774
596
993
200
848
289
15
436
409
632
570
341
447
574
20
600
839
19
975
557
187
642
470
712
12
473
885
64
604
541
631
872
814
443
42
995
62
749
293
722
713
539
546
314
560
969
89
881
848
505
856
908
431
585
73
514
993
628
67
831
385
514
97
701
28
540
525
893
484
411
538
263
91
793
447
322
548
879
320
644
551
990
332
334
590
475
656
517
919
421
240
310
169
281
174
224
952
391
905
500
518
419
963
939
524
640
974
109
78
559
719
101
801
726
373
673
864
660
653
797
948
592
127
450
390
462
623
190
851
977
118
806
875
676
659
269
966
358
17
442
740
808
46
582
605
739
336
625
985
935
679
425
65
876
948
767
808
812
537
635
331
24
284
220
482
371
540
171
287
770
153
829
276
184
962
379
236
453
751
331
751
461
420
411
221
525
603
158
880
465
715
808
494
960
562
358
915
565
300
794
813
801
675
384
728
697
117
507
794
332
265
846
794
609
394
54
274
239
344
476
840
507
291
672
962
438
43
246
646
130
985
312
394
375
547
864
538
94
107
411
48
260
613
130
850
681
620
414
824
730
863
157
439
776
106
830
237
331
555
281
540
566
910
243
22
792
389
613
691
422
474
472
352
943
157
544
941
400
113
10
542
499
324
707
117
721
687
608
281
969
471
447
214
337
694
779
908
391
35
53
684
342
19
954
308
897
64
604
409
841
833
456
576
506
382
704
65
562
741
894
545
54
151
776
14
281
285
832
106
138
363
925
451
454
864
321
675
140
409
613
538
80
36
887
98
855
15
615
889
896
952
172
736
882
373
724
49
470
280
913
967
212
122
40
940
750
194
578
604
408
991
434
396
934
832
818
412
440
598
869
340
756
604
474
42
964
78
898
54
530
487
754
969
731
54
451
134
740
181
973
620
368
526
726
183
998
106
531
29
774
428
617
139
421
41
816
424
682
890
369
351
534
379
943
143
669
199
548
813
191
183
462
176
893
653
210
498
879
912
23
934
262
535
397
293
751
746
831
71
989
588
809
876
796
106
733
797
807
833
869
173
460
673
662
118
738
696
295
902
558
621
468
601
99
273
90
302
182
231
951
631
540
819
493
67
504
531
220
829
736
335
482
394
964
948
278
171
181
751
286
869
127
328
969
970
655
382
179
449
951
566
181
158
501
841
86
860
662
238
277
70
215
314
938
764
55
670
829
384
595
99
864
771
260
438
38
259
107
442
39
722
531
793
722
706
158
396
439
20
564
305
607
166
295
53
457
216
215
215
582
647
14
441
965
970
345
471
726
834
428
964
297
569
820
695
176
745
175
19
698
763
411
566
777
146
900
943
561
122
561
931
624
755
261
483
135
638
794
43
450
704
890
64
124
416
106
76
902
434
849
338
955
261
105
38
689
786
982
987
16
216
793
853
165
159
456
95
463
760
375
444
798
268
935
536
400
954
407
330
515
709
70
794
839
88
139
673
386
27
853
709
952
674
459
751
971
117
869
892
573
542
576
951
996
47
198
822
652
549
925
178
661
807
478
299
379
874
271
349
31
401
717
237
402
981
39
1000
542
912
460
541
446
486
220
518
33
352
1
3
9
15
17
17
19
20
20
21
31
32
42
44
47
50
51
53
54
58
62
63
66
74
83
93
94
101
113
115
123
123
129
139
142
142
143
146
149
153
158
158
165
172
178
181
182
184
189
191
192
199
206
227
230
234
237
238
243
247
251
259
260
262
265
266
274
275
276
279
280
285
287
287
291
304
307
307
307
310
312
325
332
335
340
346
356
358
364
368
372
375
380
394
396
396
398
400
409
433
437
437
438
441
442
444
458
468
478
481
497
502
508
513
514
518
522
527
533
534
544
545
550
551
557
560
563
564
571
577
584
584
594
594
595
603
616
619
619
625
629
634
639
649
651
652
653
657
658
659
661
663
666
678
679
691
692
693
697
708
718
720
737
742
743
745
748
757
758
760
761
768
772
776
777
777
778
778
780
780
785
787
796
802
802
807
810
819
829
830
830
837
839
844
852
854
855
856
860
866
869
870
879
879
887
891
895
899
910
912
934
937
937
940
941
942
943
945
945
950
950
951
952
954
955
968
971
971
972
973
974
981
982
984
989
998
1002
1004
1007
1008
1009
1017
1018
1030
1040
1042
1043
1049
1059
1061
1067
1076
1077
1096
1097
1110
1112
1113
1118
1123
1125
1132
1133
1134
1134
1136
1138
1141
1148
1155
1159
1163
1167
1179
1179
1179
1183
1184
1185
1185
1188
1194
1202
1204
1211
1219
1220
1221
1221
1222
1227
1228
1229
1231
1231
1234
1246
1248
1249
1250
1251
1252
1253
1255
1266
1272
1275
1275
1276
1280
1280
1283
1284
1285
1286
1292
1298
1314
1317
1324
1326
1329
1334
1336
1340
1340
1344
1354
1356
1360
1365
1377
1377
1382
1387
1392
1393
1393
1394
1395
1397
1399
1400
1406
1414
1421
1426
1433
1433
1439
1440
1446
1454
1457
1458
1459
1459
1466
1468
1476
1480
1482
1484
1504
1506
1510
1510
1511
1514
1528
1530
1531
1533
1534
1535
1537
1540
1545
1550
1556
1557
1568
1570
1570
1586
1590
1593
1596
1597
1601
1601
1603
1608
1624
1626
1631
1635
1635
1635
1641
1642
1645
1647
1653
1660
1660
1668
1675
1677
1678
1695
1702
1702
1706
1710
1711
1726
1729
1732
1735
1737
1738
1739
1743
1743
1746
1749
1753
1756
1757
1765
1772
1774
1776
1782
1784
1784
1786
1790
1794
1796
1796
1798
1799
1802
1804
1824
1828
1833
1840
1841
1841
1848
1851
1855
1871
1872
1873
1874
1881
1882
1885
1895
1899
1900
1903
1903
1906
1906
1918
1918
1919
1921
1923
1929
1933
1936
1944
1949
1953
1959
1969
1975
1975
1977
1977
1981
1983
1988
1994
1998
2002
2005
2013
2018
2018
2026
2029
2032
2035
2045
2046
2048
2048
2051
2051
2054
2059
2062
2069
2079
2086
2086
2089
2098
2104
2111
2120
2123
2127
2130
2131
2132
2145
2149
2150
2151
2159
2165
2171
2171
2171
2172
2172
2177
2182
2185
2188
2201
2205
2206
2209
2209
2211
2218
2221
2222
2224
2226
2234
2247
2253
2257
2258
2266
2269
2269
2272
2278
2280
2280
2286
2288
2291
2291
2294
2297
2304
2310
2310
2314
2315
2319
2327
2335
2336
2346
2350
2355
2355
2355
2359
2361
2362
2374
2377
2379
2386
2396
2397
2398
2399
2402
2403
2404
2405
2410
2410
2412
2413
2415
2427
2427
2429
2435
2436
2436
2437
2439
2442
2444
2448
2448
2457
2462
2464
2469
2470
2471
2473
2475
2475
2479
2481
2482
2488
2489
2495
2498
2504
2506
2521
2522
2527
2532
2533
2544
2547
2551
2561
2564
2567
2573
2578
2583
2585
2592
2600
2600
2602
2605
2607
2614
2616
2621
2624
2628
2628
2629
2630
2630
2632
2635
2646
2650
2650
2653
2653
2659
2661
2671
2672
2694
2694
2699
2700
2702
2703
2710
2716
2728
2728
2730
2730
2732
2742
2745
2746
2746
2752
2757
2759
2760
2770
2771
2776
2778
2779
2781
2785
2786
2791
2792
2798
2806
2809
2810
2823
2826
2828
2830
2832
2832
2832
2834
2842
2846
2846
2862
2863
2867
2870
2871
2881
2883
2895
2896
2898
2904
2908
2910
2912
2920
2928
2933
2942
2942
2943
2944
2949
2951
2955
2955
2956
2969
2973
2974
2976
2978
2987
2991
2992
2995
2996
3000
3001
3002
3010
3011
3015
3017
3018
3019
3021
3026
3028
3029
3033
3040
3042
3044
3048
3053
3056
3058
3062
3063
3063
3065
3066
3066
3071
3073
3075
3078
3086
3092
3094
3100
3100
3101
3111
3112
3116
3121
3123
3127
3138
3146
3147
3149
3151
3155
3163
3166
3168
3168
3175
3183
3184
3187
3198
3199
3212
3216
3217
3220
3228
3229
3239
3244
3246
3248
3251
3253
3262
3268
3269
3271
3272
3274
3276
3281
3286
3295
3306
3317
3328
3335
3337
3342
3353
3366
3366
3368
3370
3376
3377
3391
3395
3406
3408
3410
3412
3420
3426
3427
3428
3450
3452
3456
3458
3459
3465
3468
3476
3479
3479
3482
3493
3497
3497
3498
3506
3508
3512
3513
3514
3515
3515
3515
3525
3528
3528
3530
3536
3537
3539
3542
3544
3547
3549
3554
3557
3562
3565
3575
3587
3591
3591
3592
3600
3603
3618
3622
3622
3623
3627
3627
3628
3628
3642
3650
3657
3662
3663
3664
3677
3679
3681
3682
3690
3698
3704
3705
3726
3728
3729
3738
3745
3747
3748
3751
3753
3754
3754
3755
3755
3759
3761
3761
3762
3762
3762
3763
3768
3769
3771
3772
3778
3799
3800
3804
3806
3806
3807
3809
3814
3816
3817
3818
3819
3821
3832
3836
3840
3841
3843
3847
3850
3850
3861
3865
3867
3872
3873
3874
3890
3892
3893
3894
3898
3906
3909
3913
3933
3939
3947
3949
3952
3966
3974
3974
3974
3975
3977
3979
3988
3997
4000
