# La primera línea indica la cantidad de minutos a considerar (n). Luego vienen n líneas que corresponden a los x_i, y luego los n valores que corresponden a la función f(.):
500
600
19
616
131
141
684
630
690
908
527
26
753
825
881
233
241
912
301
215
181
667
692
218
632
266
903
415
954
287
522
215
702
235
735
108
421
931
601
225
646
909
242
64
158
865
647
405
642
218
34
162
179
622
853
404
317
444
263
845
320
392
353
902
530
53
123
901
507
396
216
891
737
914
904
320
801
925
862
455
864
792
789
338
430
209
507
241
484
453
304
590
384
949
153
400
924
815
410
54
720
668
517
481
310
688
262
633
515
578
934
127
85
669
439
403
115
661
219
132
70
936
916
320
879
722
345
404
842
687
699
247
515
26
371
461
51
904
197
879
982
857
570
699
985
898
695
469
496
837
89
896
144
650
223
384
832
762
379
677
431
694
275
381
272
856
433
924
710
448
169
377
235
514
227
582
494
658
277
703
484
826
848
466
573
279
501
20
147
417
348
600
102
293
970
335
669
502
856
220
19
592
183
278
14
255
900
399
942
332
356
344
952
403
244
452
314
124
252
476
139
848
195
412
353
588
631
476
515
688
294
705
636
972
515
679
787
932
289
327
13
818
498
85
113
13
408
857
324
703
246
495
666
944
651
398
574
316
946
129
475
588
568
131
318
226
411
690
178
340
161
421
450
129
660
732
698
842
400
859
640
320
79
168
47
620
560
517
723
721
169
813
684
690
160
831
403
466
329
139
273
349
153
18
82
93
976
314
574
240
686
137
473
604
807
624
598
259
177
385
87
311
511
848
151
642
425
327
883
455
294
368
966
47
234
928
435
621
533
451
886
935
203
660
839
463
881
531
802
608
993
727
937
45
749
655
348
915
337
970
625
240
289
445
671
41
481
125
930
449
238
699
871
58
370
137
665
408
315
165
525
221
831
325
368
660
863
186
835
937
706
944
996
631
997
187
401
991
409
150
197
846
301
126
869
605
746
776
98
720
110
946
670
298
646
199
488
23
493
55
968
376
529
309
13
972
68
883
430
639
202
22
685
456
488
582
112
460
37
199
661
47
184
347
771
877
530
1000
235
762
462
998
68
279
894
650
85
224
711
852
127
979
147
768
842
539
541
303
547
805
245
387
982
903
674
891
294
671
835
988
282
41
118
801
318
922
940
96
884
558
476
72
894
527
516
970
739
158
459
720
422
32
35
35
50
79
85
88
96
103
107
131
135
138
140
142
163
171
178
185
199
210
216
221
221
232
232
241
241
247
273
296
300
318
321
323
332
336
337
348
348
354
357
357
370
376
380
392
396
405
406
418
438
451
452
452
460
462
465
472
481
492
499
510
539
542
549
550
551
553
555
555
557
576
577
594
595
599
612
619
624
626
642
645
647
648
651
652
669
690
704
711
725
736
742
746
750
755
769
773
775
778
779
782
784
790
794
795
812
815
818
845
850
870
888
893
899
908
912
913
918
925
926
943
961
961
970
970
974
978
985
989
990
991
998
1005
1006
1011
1015
1023
1035
1040
1068
1075
1083
1087
1090
1095
1099
1101
1112
1114
1115
1119
1165
1165
1169
1173
1190
1211
1225
1237
1247
1260
1268
1274
1275
1285
1310
1321
1326
1334
1346
1360
1385
1393
1399
1403
1411
1427
1428
1429
1433
1442
1452
1461
1465
1466
1469
1490
1495
1510
1513
1515
1517
1522
1523
1524
1528
1533
1536
1536
1548
1579
1581
1593
1606
1609
1613
1616
1622
1626
1628
1638
1646
1648
1653
1685
1693
1702
1715
1719
1726
1727
1753
1756
1758
1774
1776
1778
1784
1790
1791
1801
1807
1809
1811
1813
1826
1844
1854
1854
1872
1872
1873
1887
1898
1900
1903
1910
1911
1913
1920
1923
1924
1926
1949
1957
1958
1975
1982
2002
2004
2007
2022
2035
2039
2041
2041
2046
2050
2063
2065
2069
2070
2072
2078
2083
2110
2110
2112
2130
2139
2143
2148
2151
2152
2152
2165
2178
2185
2185
2188
2196
2196
2215
2219
2220
2223
2239
2243
2248
2249
2254
2254
2256
2260
2260
2265
2278
2296
2307
2320
2323
2326
2327
2327
2348
2351
2358
2359
2365
2374
2382
2401
2402
2409
2436
2480
2489
2495
2502
2512
2516
2516
2521
2527
2527
2540
2542
2551
2553
2560
2560
2561
2564
2571
2586
2592
2599
2605
2606
2617
2617
2632
2645
2656
2665
2675
2683
2690
2690
2697
2704
2715
2718
2774
2781
2798
2808
2808
2821
2824
2825
2832
2838
2839
2842
2848
2855
2855
2868
2875
2882
2884
2888
2894
2902
2911
2913
2914
2915
2929
2931
2942
2965
2971
2975
2982
2986
2995
3045
3050
3056
3056
3072
3077
3099
3101
3114
3118
3120
3126
3134
3135
3137
3145
3146
3149
3153
3157
3158
3167
3169
3198
3227
3233
3240
3256
3257
3280
3288
3298
3312
3314
3326
3349
3362
3406
3430
3442
3448
3451
3453
3458
3464
3465
3490
3498
3512
3529
3536
3568
3571
3574
3586
3595
3612
3618
3642
3645
3677
3678
3687
3697
3702
3708
3721
3724
3731
3741
3743
3750
3757
3761
3765
3768
3783
3789
3793
3796
3798
3800
3810
3811
3822
3826
3859
3865
3882
3892
3902
3908
3915
3940
3958
3971
3975
3977
3978
3999
