# La primera línea indica la cantidad de minutos a considerar (n). Luego vienen n líneas que corresponden a los x_i, y luego los n valores que corresponden a la función f(.):
5000
1081
698
948
1608
1943
685
237
1137
1383
259
507
937
890
377
1436
274
60
508
410
1157
713
269
1254
1203
1963
1552
28
397
557
1594
470
1718
431
578
156
145
1221
1433
1105
125
1972
387
1486
1946
62
1778
885
966
1530
1488
483
1661
1417
842
1273
1265
1057
1572
451
1075
1425
1815
432
573
1071
1121
420
853
1376
843
465
1421
732
1923
1858
1135
1855
781
305
987
549
242
175
995
71
1083
1989
1592
1277
785
29
234
1335
1700
1719
670
1368
181
251
505
1560
328
1085
1815
600
235
1110
163
563
1905
944
568
1542
597
660
528
1341
825
1732
153
1124
440
1826
1543
407
361
606
395
1102
162
755
833
985
932
1190
899
1517
931
777
1158
463
422
1073
523
1546
716
1629
228
1510
991
441
1841
890
1908
152
471
452
313
701
1837
1494
1876
103
1192
1764
1293
973
658
845
951
1652
1013
1346
957
325
702
1147
825
1288
1488
627
1342
352
1641
1195
801
1613
669
1706
381
292
1156
375
1971
1220
110
1656
1841
1423
194
804
526
1643
1008
1427
870
758
565
737
1459
1117
1196
765
1750
838
326
1334
1494
787
1854
1632
1589
1608
1658
1043
820
1729
961
273
1484
1259
365
1505
1107
1674
1836
1488
983
1845
486
1329
1793
83
1173
1344
1294
1432
767
1595
699
772
1696
631
461
1929
1550
1440
195
912
1240
684
301
1066
186
1361
1337
672
1799
919
535
1083
179
135
1890
1585
368
261
1084
405
1859
1101
413
699
1580
1921
1066
785
942
1232
953
943
493
341
609
1525
1118
1329
1138
783
1769
1803
1834
163
1354
633
1936
1017
1984
1524
636
1796
741
1682
981
431
744
1390
1342
477
1757
549
1633
747
233
821
497
1053
28
26
1650
306
596
1091
724
749
1014
1898
1607
207
968
1021
1566
58
1284
1610
254
1967
1862
1500
816
27
1411
1117
1786
708
725
1314
1611
1514
193
789
763
1398
692
1111
1752
375
1708
1109
1448
1404
671
261
938
319
1995
1364
1196
416
595
1406
1882
1973
1803
1722
1085
1004
1493
689
1284
124
486
1585
240
1546
82
1127
911
1852
1176
89
558
1567
1491
1099
1777
400
1339
1868
1296
382
1050
1588
1906
1541
1794
1635
323
452
1705
1008
1739
717
1258
545
1784
1762
1956
895
1589
334
1429
1057
874
1882
662
1472
1084
1581
441
1588
626
354
373
1174
778
1724
886
1876
743
464
1065
1045
368
1709
1743
379
253
1221
1115
416
931
1353
1222
1586
1349
875
1655
218
1291
957
1721
781
1370
1753
1054
467
316
259
1387
1153
1357
164
237
1006
601
1117
303
1253
1632
588
1738
1168
203
1250
1973
597
1186
205
404
1097
1713
993
32
889
1537
1396
1023
229
347
162
88
1453
985
1913
1565
163
869
1565
860
1792
515
1770
849
1869
844
1255
516
1599
1855
1919
1365
436
1579
650
237
1192
126
56
394
1180
1310
815
593
1682
1706
129
480
140
1129
1430
1010
1539
142
1654
431
520
1703
533
1426
680
770
166
1990
1993
429
1508
580
1609
661
579
1953
1784
1075
1144
1560
274
434
895
1098
750
1914
1852
486
1915
956
1995
521
642
1969
904
562
1196
1185
1692
901
1814
1522
1287
120
96
899
276
1858
517
1721
270
1931
643
1251
200
1645
1783
843
442
539
1013
1688
282
295
725
1765
1585
1213
964
399
1320
1478
365
1339
1439
1077
1540
271
631
977
1255
323
1802
24
1967
882
496
654
1279
667
413
1330
1089
1437
1878
1985
625
215
615
1488
758
1271
757
1502
1147
1939
1658
1037
1046
64
297
1266
1134
963
415
1398
653
891
856
1202
940
1540
1829
1065
1522
1968
567
487
1653
1020
1257
991
652
1731
1405
1948
1929
1442
116
1590
641
1763
1744
1440
1704
181
72
1290
545
565
928
1345
1100
1302
445
1256
1978
1918
1812
1022
1723
1846
1503
951
586
1094
1786
1620
331
396
298
637
1651
583
1224
1742
1802
489
1644
94
679
1407
1407
51
796
354
1968
1431
152
1964
706
1153
185
1379
1347
935
1676
476
1987
638
685
341
1831
1830
975
767
723
34
177
625
1468
1593
964
1799
1691
1487
1288
1130
1982
1381
432
1431
1278
1483
345
93
1912
580
1465
1514
1345
908
517
1692
922
308
293
1074
1264
1957
41
1068
1825
380
150
1802
1748
195
1622
906
428
1073
1169
1613
1035
1731
1179
1374
1274
1538
1695
799
1373
413
1388
1399
1689
962
1282
575
1054
488
1154
1022
1657
220
1771
1797
1035
901
1766
1211
643
1090
1424
17
441
797
1191
126
1030
1363
1575
1661
526
979
118
234
1541
1386
1210
1276
1144
1590
141
562
1173
1891
1989
54
129
580
914
1008
470
701
1405
471
35
1472
978
1111
1810
1010
968
605
99
1010
741
727
135
1026
830
1266
547
47
1695
1302
1148
67
849
191
1847
286
1590
1339
613
1592
629
1654
1329
659
509
1518
1374
1983
1207
691
846
290
610
1954
110
989
1241
1191
999
361
1715
939
1078
1793
1865
957
834
12
381
1090
714
1973
430
839
201
1542
1182
203
1009
1064
233
291
1600
1002
776
21
893
657
856
1975
280
657
694
261
1396
993
1677
1366
1762
488
1642
501
1078
430
596
813
706
1449
122
1996
518
918
1390
1296
1480
1751
1721
1650
1596
1328
1557
1660
1605
105
553
1777
745
1478
283
1970
1937
1817
1121
199
1283
1123
1138
1730
1358
1395
1795
1199
577
1293
42
52
473
977
171
875
505
1194
1203
1397
829
575
1463
827
939
1467
1115
1958
521
1974
1248
1582
1330
1671
1977
1330
600
981
1994
599
1340
79
240
19
824
636
545
1424
1163
109
1014
254
1287
796
1531
476
371
89
1299
1101
1794
1508
1676
1492
285
270
886
1057
406
233
1814
430
300
1759
190
287
1013
1007
1905
1084
1180
936
1872
1278
834
209
551
1770
1224
281
539
1155
320
1941
510
1222
531
1649
1664
1720
1483
1181
1814
794
444
104
188
416
1671
1723
519
1792
868
404
857
339
1967
1810
1489
1352
1710
1915
48
311
948
1378
1511
1432
715
1176
1617
19
1240
1595
300
1881
368
444
1058
1277
1979
1131
1072
1983
370
1310
1209
1700
479
781
640
1891
1504
1231
1248
940
146
1762
675
537
773
1396
1475
17
1164
274
147
169
157
801
1931
1812
978
308
817
1061
1860
1677
1688
81
1693
1232
380
1219
593
805
1547
837
1426
1921
1843
350
784
1241
1119
736
108
350
1031
840
1601
941
444
835
1896
1700
1221
1724
1652
71
897
250
739
389
1622
484
538
485
1505
532
364
801
1520
847
1754
1076
249
1288
1590
1405
865
997
1439
1721
364
1981
1332
213
468
1876
173
856
1517
1494
1938
25
846
816
1451
617
860
406
1615
1496
1819
196
653
1948
1540
1287
1549
63
1170
1713
1364
781
1608
94
1749
1024
868
654
72
1987
1576
1605
1605
1078
797
1916
561
173
241
1402
1245
929
127
1712
1080
1637
1030
320
432
935
134
1017
860
105
292
816
1060
1342
148
38
180
1432
610
32
1427
1244
902
1406
1160
1253
560
1111
1747
1613
1022
1486
1467
1906
867
1194
126
1552
1666
882
802
536
786
1386
1109
1746
1184
1090
1419
1267
1142
1624
1818
1617
1345
595
218
208
25
739
804
404
61
1050
1466
1034
1740
1931
208
1952
1634
1278
515
1060
199
1296
1151
786
1333
1732
239
1334
1107
553
52
91
172
1995
1182
302
1581
1670
1167
1693
99
863
1781
1628
907
1013
514
1164
1545
494
1993
1873
236
426
1786
1803
1086
777
689
788
1545
1782
1169
395
1958
759
1718
1168
1887
1079
1218
1999
278
1870
1301
278
702
649
976
632
1182
1872
1650
1312
913
1640
526
648
246
378
930
1335
1472
1892
751
509
911
1607
1232
1351
1902
1980
1300
1568
615
1800
727
1521
928
557
811
859
494
1770
1675
1058
1540
372
937
796
1887
1831
63
1030
1158
654
901
1314
199
920
17
1116
150
1182
1688
737
1801
304
940
922
906
1461
660
1055
575
1603
1311
718
330
38
1225
682
256
940
55
1073
1668
639
141
1911
1195
772
306
694
954
1148
419
994
1354
1489
87
629
538
616
1591
506
455
416
722
400
554
281
1069
404
852
156
913
1816
1792
856
1142
1888
222
344
1031
258
1961
1812
1197
1110
1228
1640
1764
877
964
526
709
1987
1266
345
556
1848
361
770
861
144
1601
1487
1927
1857
462
1751
1509
1993
126
542
537
1611
1089
1420
712
414
1206
1435
1101
1159
1421
634
233
1108
1038
313
1156
1588
1131
1795
1503
1503
199
209
986
370
1675
690
152
1695
1459
1529
142
1807
1636
945
863
1576
30
1259
419
1277
1370
278
1603
135
452
1953
754
1179
638
77
685
269
1291
245
100
1930
1398
238
808
1762
821
994
225
349
767
1575
1760
188
1357
1155
939
1914
568
717
241
724
213
156
958
1466
426
41
1427
1781
121
617
1976
673
1959
1850
1600
172
777
675
1597
483
1907
1323
383
1029
1078
311
1930
1075
622
252
797
1933
1864
401
372
1044
1517
1486
1849
354
1988
590
1228
1001
1116
1048
675
1268
1109
1445
1446
1595
258
515
1940
940
1843
1807
21
1073
447
174
1747
1929
1849
232
437
798
1523
894
107
1551
1984
33
898
1482
1125
831
718
233
1075
379
1272
43
1990
1695
1230
1826
1618
911
612
1861
2000
797
1559
1886
809
1984
1145
386
1788
1024
31
423
168
217
162
953
498
1036
794
200
477
1485
1811
1651
695
398
425
685
453
625
61
604
251
1216
909
537
1314
768
803
978
1682
1441
276
1832
793
1200
12
1018
1565
1898
1619
1457
1097
948
1812
481
1540
603
90
432
1913
1264
1222
1624
636
1644
231
816
1940
1013
878
66
586
1592
676
1186
1921
952
1126
49
1789
1725
1913
1446
1578
1406
1444
674
1733
662
1221
775
1974
789
147
1010
648
1914
342
1504
401
78
1104
824
520
708
737
993
365
68
1083
1672
423
1462
1951
423
654
772
935
1213
1094
269
519
1778
1050
1348
338
970
41
867
1515
1627
146
1021
296
878
1140
122
228
1866
256
218
1549
793
213
1192
512
677
76
1259
592
1543
207
1485
1285
744
1795
1230
1856
687
1280
569
1549
1020
1727
393
1242
1919
1594
1285
446
158
1669
1705
74
1724
1937
366
1597
1135
1118
812
397
1078
1954
174
20
418
473
1259
1427
465
1768
114
59
1698
1278
1455
545
1066
1414
1561
1966
463
153
1963
1602
1707
530
874
1755
457
88
1565
1876
1958
310
1158
1409
773
65
182
1611
437
1065
1083
1568
54
59
1607
514
141
1475
108
522
1446
867
1705
1631
1635
542
1107
752
204
1780
917
789
443
864
1778
423
1755
417
1611
366
1092
1811
1072
463
399
1245
1805
1263
230
11
1883
1797
1785
337
1265
1891
287
287
305
1053
531
439
1364
766
1478
1507
468
1189
1552
761
118
336
1730
775
700
1632
134
1971
420
726
480
1075
958
526
1782
1451
1106
1423
376
970
296
215
438
350
1042
1802
1474
1916
1574
1758
1013
1585
790
1573
1657
154
205
238
379
1128
306
1191
1288
653
575
1318
844
668
59
1231
1122
1479
362
1365
843
627
1775
1208
971
762
1634
922
1936
786
329
158
1730
1076
980
85
1016
147
1280
131
1593
1763
1374
444
425
1805
1151
20
10
1878
836
1750
1427
1932
181
776
1530
1315
841
1354
354
479
1989
1151
1356
178
1962
1852
968
1611
78
1651
249
30
1074
1916
1465
1992
982
520
662
872
1829
1926
1759
1031
754
121
224
1848
587
1866
26
1557
1703
1237
55
1665
523
139
492
1314
1288
295
1066
1777
273
1378
472
389
680
1409
1259
1290
648
426
1780
1751
1849
459
1673
1522
222
1325
1889
1752
1354
1784
1624
347
1952
590
283
1560
606
1052
1685
1420
785
1353
494
1342
1386
353
122
77
1926
169
1649
1376
358
180
903
1417
826
492
498
1774
1918
96
497
338
152
1353
54
1182
303
877
1245
1581
1799
869
1199
1137
1280
1371
1286
1304
1722
1714
664
1704
737
1840
1840
1634
1933
1427
982
1532
1219
922
1173
429
1822
1023
1562
212
1958
691
806
1806
796
715
1604
344
987
1151
1446
1392
1595
1278
1768
421
604
933
1343
1375
467
1389
1375
628
926
1751
703
273
773
894
895
711
474
895
976
297
1898
1532
944
1195
1918
509
1131
1488
575
1541
332
637
354
1865
1111
1171
1157
877
781
1417
1671
1224
1317
529
785
1597
780
335
1425
836
1768
1364
1281
771
1869
1482
260
209
1543
1997
1122
1834
974
271
1880
1564
1497
547
557
10
1220
224
135
699
332
651
1650
48
114
882
186
88
921
875
1986
1066
1724
267
369
68
1204
966
690
346
240
377
20
679
940
456
1535
1628
1431
1359
533
1251
1389
1230
1897
1804
268
887
1044
600
1376
603
543
1822
988
1713
891
199
757
550
595
366
398
238
49
96
418
1993
1918
187
442
774
647
34
1626
1874
1509
1660
679
1548
161
1707
43
234
1073
109
737
1862
179
307
1151
1434
702
647
467
447
989
596
1586
1997
1826
1590
1159
805
204
1546
393
1001
1219
778
380
18
665
267
53
1935
898
831
1327
368
210
1395
1781
549
1296
1949
1403
251
455
1354
1852
958
1865
1511
1110
1518
201
1820
1572
509
1203
692
1396
1767
447
267
742
445
95
810
225
1610
238
1863
73
1728
639
1455
902
1623
932
1052
1771
133
1619
1771
909
74
1151
133
1087
678
1008
840
1703
97
1964
1388
607
1014
1442
636
746
89
1128
1512
1669
971
1106
26
45
591
1632
418
397
1315
1841
1480
40
503
1202
868
1199
1623
208
181
1119
545
1412
1283
924
602
263
1900
1713
1701
1833
1239
1329
307
1777
507
334
800
79
1499
563
875
183
1548
1866
687
430
1396
1236
237
999
1944
414
1650
195
842
596
1312
352
1554
634
668
1798
1612
1661
556
1649
1562
1657
1070
967
1566
469
127
1506
1040
825
1670
195
1638
1172
185
1706
1435
31
1474
554
1456
900
1774
756
1975
199
1900
771
980
182
23
1346
1226
61
1010
606
1978
1467
331
1262
1473
1213
1720
61
673
1167
963
1252
674
1955
1461
1642
1242
1127
1524
1539
1195
605
1316
1105
1609
1132
1357
931
1719
316
1717
529
1348
766
650
815
727
1842
1628
1221
1683
1250
637
489
374
332
171
152
1680
572
197
1598
1878
972
1515
546
1198
77
1149
18
140
1036
546
551
641
1204
613
1593
619
516
1433
1996
1861
1241
1908
395
1898
938
228
820
1896
1064
1445
1526
1098
878
356
1787
1195
1248
44
1400
900
1493
1745
1561
427
1811
679
1142
1241
314
807
1440
1482
529
1674
1960
692
1751
96
1034
768
812
1704
252
1337
416
1402
1236
1039
462
626
693
1671
1763
909
163
1156
1682
1184
1563
1830
541
1254
1339
117
965
146
1590
1318
1334
1306
1872
1562
1551
41
1598
282
654
651
499
1197
231
777
464
631
553
1050
1487
1379
1659
1452
420
795
739
1399
1055
1228
1093
599
1562
495
20
520
482
255
1830
839
861
1019
1591
60
1209
78
253
631
189
203
31
1337
1835
870
1783
432
1150
529
1899
1119
85
766
1542
1726
1358
1419
1536
519
676
407
1035
1570
428
29
467
1300
313
740
1855
731
337
204
1959
774
270
1887
1823
1166
78
685
1731
516
1455
617
1346
1047
1319
357
958
1286
1815
143
670
1820
1840
1583
922
967
1330
1973
300
779
1270
1044
363
799
256
1906
1481
1112
883
704
1153
211
521
993
665
870
1247
1828
1224
1527
649
1505
950
1131
977
729
1710
14
1930
1599
452
555
1115
1761
470
1396
665
1953
1429
1056
245
663
1745
213
764
1290
1139
1893
416
809
917
1234
1313
1859
1029
1524
318
567
1984
448
399
1266
1589
265
1051
1668
694
1313
193
134
1039
170
1619
1302
52
1520
1149
217
170
1353
874
1052
1085
1714
353
693
194
77
961
805
434
1166
1974
1417
1521
875
1924
1301
48
418
1417
1545
1854
1770
1266
442
391
450
727
1180
1483
302
1042
119
238
1608
173
1107
26
1521
1339
1184
1813
987
1048
1251
693
978
1575
1962
1948
254
809
1868
475
834
683
362
1136
504
1282
755
795
301
124
1027
878
918
40
287
1378
445
1141
1534
1950
1255
110
262
389
1837
900
205
1853
445
1059
666
268
200
511
283
784
101
1253
1246
1029
590
1945
1222
88
876
991
1432
1930
590
1744
1336
1105
1675
887
331
401
635
1789
1486
1962
1865
1071
295
1674
629
900
870
674
751
1113
1331
713
163
1378
1774
111
1023
1473
1000
706
582
1404
705
1076
1236
535
1602
885
805
604
1103
1531
771
1293
1199
605
1478
1871
1101
1604
406
74
1945
1987
424
1700
1115
321
908
1000
1595
1168
1580
290
928
847
327
349
1630
1317
1791
294
1208
379
1262
609
441
1994
1167
898
777
43
680
1187
1288
714
1568
1790
86
728
589
243
715
1014
524
254
1524
1334
918
1058
1406
1100
123
1424
466
198
1442
1603
1743
1992
1114
499
803
1551
1556
96
1808
1686
879
1359
1445
1478
1596
1501
843
1763
1742
1237
48
34
1031
349
537
292
12
714
1343
146
261
609
1711
1601
298
638
1049
1553
1070
164
749
458
1079
1856
992
112
158
569
1541
1716
891
129
105
1404
1467
854
1384
1842
442
800
1369
1732
35
1280
296
927
1864
355
1110
1002
1109
261
669
15
717
1742
560
1848
1864
690
371
1742
199
374
1476
1589
1933
157
1581
469
418
62
253
1925
1003
1118
674
491
148
1748
1535
525
466
1314
537
645
1173
217
269
35
219
1543
378
713
1379
841
243
250
694
238
1882
99
1737
752
780
1286
871
1403
1568
1843
1803
1244
1125
1717
287
397
1171
1470
1497
206
41
141
1509
249
1163
983
1989
1653
1144
1827
291
728
1658
1214
1065
1077
828
508
784
957
545
770
1406
109
1341
1141
1848
592
930
620
1897
789
1049
487
1199
904
447
568
469
128
365
855
678
139
1874
250
1520
1431
1782
1852
770
1728
1014
118
1189
1249
1036
45
1430
1307
808
1835
408
794
1202
522
330
529
1457
1307
1329
1185
318
1279
1077
1757
1762
1038
112
1193
724
1212
1286
412
116
628
540
1995
1171
198
1918
617
934
1939
1056
1811
1939
473
154
1107
213
28
806
208
167
1758
1224
1943
1619
1235
1620
1582
261
907
1901
1977
956
1898
187
1093
870
808
1397
1531
1417
1599
270
1883
1601
1346
1770
1947
635
322
73
1691
1342
1634
1695
711
759
959
892
1657
833
1764
1434
794
986
1799
811
925
1876
388
1890
1091
319
1047
249
471
26
1539
1720
941
801
363
1222
261
1875
719
155
725
749
1926
501
948
1330
680
1638
1470
161
914
1872
808
1014
1842
1513
1636
1685
1020
829
353
90
167
1262
1709
1313
466
647
727
1268
1318
1981
1548
1882
1446
1842
93
284
1833
1930
393
1011
131
824
1049
539
609
14
1524
1136
1265
1626
1751
426
1569
940
1595
845
165
1742
195
144
71
1994
1510
1920
1536
1359
916
413
108
1237
1982
1390
1227
618
999
1707
1628
78
1564
1325
1258
408
1314
543
1482
729
45
1919
114
383
432
1975
1177
61
144
151
1224
1363
1899
290
1382
1186
1538
315
1684
14
143
1826
514
551
12
1714
458
1692
1637
1332
1689
800
920
593
1677
1488
1988
231
681
486
690
141
336
891
687
1175
562
491
1792
1688
485
1592
821
1018
368
490
1682
1944
455
379
1046
1164
631
907
1023
964
1584
1983
863
52
1534
1867
712
1566
444
825
322
558
277
1966
1097
1683
281
693
1804
1589
217
1715
1391
1607
215
904
1428
684
1204
417
566
1335
1852
988
161
290
997
229
1692
1071
1969
243
780
294
1976
1060
1524
113
468
429
235
346
1707
1127
552
885
1585
95
1973
1646
1986
1744
619
804
873
381
1564
2000
778
133
472
1598
307
1188
79
1026
141
921
604
1540
30
414
1109
785
1197
301
1460
1494
1411
1839
1897
1707
1372
92
207
1397
1710
1710
1843
1215
363
1210
201
1220
882
1586
176
295
206
178
1324
1429
560
150
459
1630
1997
1658
1314
1103
317
825
89
820
1523
1934
128
411
1025
552
459
264
874
329
1092
594
1712
1783
677
1961
1927
1494
1224
223
312
385
1979
917
676
176
1993
570
797
1156
288
349
409
270
960
771
789
1630
733
402
38
965
1688
1072
476
239
1399
1624
40
1732
772
679
96
539
1578
1983
288
770
593
1148
183
1546
1822
346
401
291
1333
1412
1943
1254
792
1381
1884
1106
689
1798
1770
1928
858
1293
1507
396
1968
1099
1824
700
1146
393
1096
1421
118
1837
1856
1657
983
891
264
592
879
706
1175
323
1755
448
1891
1619
781
866
488
1329
495
647
1032
450
1885
1517
1998
388
668
619
101
679
843
120
682
1171
1424
337
806
1044
1529
1576
1753
1005
1786
1254
1926
1169
1020
594
1395
537
717
838
709
746
263
1896
1827
613
327
869
601
1336
1881
588
1758
1007
136
1191
1398
1105
615
877
1434
1074
487
1429
1284
512
495
11
1270
682
1420
1416
242
54
1603
500
187
955
390
1114
256
453
522
1648
634
1330
1191
757
525
1395
1959
1328
1465
1735
1187
226
194
1783
1897
568
1465
482
902
1123
1895
913
573
1555
173
1410
736
389
661
1932
231
1535
346
609
1409
70
1681
1306
666
987
855
668
885
1857
1029
1564
1496
705
1071
104
1738
1841
699
1447
86
1654
1365
164
521
1121
1506
1902
1973
299
860
255
1704
1803
685
434
401
1463
718
1000
155
1590
1243
598
1020
1729
798
297
1106
1417
1589
915
616
996
650
370
1357
1412
1044
917
317
121
1146
77
1948
1353
1669
37
1433
1017
1649
1399
313
466
208
1651
1115
1460
642
646
1542
1941
1362
291
852
211
1922
1087
1955
1959
774
1621
550
1199
1162
821
1131
1021
1733
681
491
125
1427
1756
334
1591
1632
1412
1204
138
1782
1924
1255
170
478
554
561
1894
1506
1786
805
1219
273
975
159
129
74
1600
1312
1918
1279
1964
1332
301
1592
544
434
1377
1721
1269
1015
133
489
1480
1664
730
1097
1692
505
1832
93
1124
1749
394
1881
1174
1541
1785
893
472
932
2000
1891
418
408
1505
1190
461
95
1747
1844
1932
724
439
1294
465
1090
61
701
1793
1057
1852
1932
1878
175
985
830
1239
687
372
408
443
755
280
1359
78
362
1595
113
813
23
1067
1657
1566
1503
149
1416
692
334
1373
997
718
368
876
1150
544
1088
654
1695
1899
842
342
775
1460
1766
787
1165
1399
464
1940
1755
757
936
1681
1682
1884
1194
1139
1455
423
1406
1844
1896
1457
579
472
876
673
135
738
1160
1724
1446
1808
584
1518
557
1995
1027
109
1419
1862
213
1828
1124
695
903
35
401
1418
1841
267
1491
1377
1222
976
1762
723
602
1125
980
1636
1994
1466
1460
307
440
646
960
1541
718
436
1638
1077
20
1435
1628
1873
1456
1521
1892
652
272
537
1540
642
954
94
117
1518
1024
1690
1156
184
29
698
563
252
1491
1628
1063
633
117
1803
1131
1230
324
1414
64
1606
1143
118
873
1124
1504
1628
1733
1338
588
990
1664
241
1272
1108
825
1233
210
126
1266
210
339
796
647
1794
528
103
326
1724
150
1357
1023
1621
382
1171
1656
859
160
386
411
1831
700
1676
1957
862
1000
1690
119
424
335
392
362
499
615
67
1081
32
1494
1499
776
599
1640
1398
553
989
1991
478
662
1977
1008
972
1263
1951
1050
544
386
1398
1591
1901
1767
682
916
1259
1384
902
1539
766
1032
1453
232
477
401
1199
574
1627
1193
81
112
1189
1567
1677
1330
1576
165
1109
1001
1125
334
1013
630
604
73
278
1394
942
953
1477
1870
1706
648
622
635
244
1008
535
103
1856
875
1976
1264
1511
868
508
349
287
1947
400
665
161
1990
1504
1887
292
1283
1008
349
826
1969
1968
230
1551
1172
1221
1218
1336
1056
330
1135
263
960
1145
534
229
1864
1210
1062
1435
910
168
566
1052
1354
1621
1028
1479
143
1788
1392
1861
1368
1927
77
163
1978
1696
1651
1735
1700
1395
1719
1250
1398
1865
1197
1646
45
71
20
821
1714
70
1130
1976
1103
1476
1608
1686
1918
925
1365
1247
1205
1419
223
871
1946
1821
969
871
648
1144
187
544
360
355
1779
1760
1355
1636
415
690
410
1532
656
872
1917
1549
1454
1308
249
41
250
752
1796
1488
482
234
626
24
1150
1442
790
1548
176
1421
297
1594
1528
435
501
1779
557
1281
733
1128
1418
432
1955
450
364
927
431
1204
180
1328
883
1232
650
1367
1346
88
738
1377
1323
1943
1008
1402
1843
1756
1527
518
408
1989
1747
1039
1081
1337
1705
1027
1205
251
1013
491
1801
1543
1900
1208
816
546
395
1708
924
572
1829
1839
166
728
283
11
709
491
52
1016
622
112
1737
1898
1570
1605
1800
1504
187
594
1658
559
1251
84
1750
842
450
1613
1484
29
300
114
1269
1411
1365
1830
120
359
613
1254
1489
1784
1686
1240
1787
584
1815
339
887
1081
808
89
1633
493
423
1766
456
219
162
1391
1811
1697
1614
1608
1730
214
1180
997
360
1493
1992
1657
1344
589
631
451
1950
517
329
770
924
945
1039
218
578
655
1745
1776
1223
18
1823
143
1569
1716
935
795
20
92
465
1849
1029
1742
389
895
1808
606
1560
669
676
1133
953
612
134
195
550
1166
1216
568
164
891
978
1094
545
149
1941
467
1428
711
1747
671
1918
38
1660
1585
1650
1801
828
694
189
1851
191
21
218
1076
1191
1407
1956
924
288
529
136
1120
461
1023
807
912
164
917
1920
1050
21
1438
1967
410
215
24
301
1452
539
108
1278
262
446
265
122
571
930
1408
650
1605
509
1748
1790
1072
1625
1174
309
1577
21
1630
844
1127
787
597
1623
1051
1532
664
1330
115
349
1995
402
260
1938
1884
1393
1663
496
1136
409
1415
1079
1457
38
1574
112
843
495
1012
211
1406
1337
321
135
1833
1325
421
987
1778
65
1329
1203
1365
1573
919
875
32
941
1948
718
1794
1237
766
1873
249
239
433
1726
1810
336
212
328
137
260
368
1670
1790
872
1032
86
1718
1280
1587
543
489
426
586
1383
1360
1292
577
588
1994
1211
1736
1059
139
693
670
1445
1260
1387
477
1865
489
79
1963
1239
1404
1594
1658
254
747
1996
1380
1293
1058
1144
1797
871
1347
110
419
975
1721
1038
1561
1298
1882
587
265
778
1917
1760
791
14
1845
1390
144
295
78
1587
1773
948
1566
1430
1109
736
170
774
1142
894
1948
816
429
1587
22
1820
877
231
418
1120
53
461
902
954
1054
1359
1059
1948
1646
1954
1709
329
462
341
1823
497
1193
1315
742
110
764
1109
295
514
1831
681
1462
1920
1225
717
745
246
388
722
547
1970
521
1223
9
72
101
416
437
461
466
488
498
512
561
601
606
632
632
641
659
664
666
698
701
703
706
730
736
742
743
744
752
755
767
777
800
808
828
845
869
871
887
916
918
936
943
953
954
955
961
987
1035
1038
1042
1055
1069
1070
1075
1075
1079
1097
1099
1107
1118
1123
1125
1127
1132
1143
1158
1162
1165
1165
1167
1177
1183
1184
1198
1198
1200
1203
1215
1227
1232
1242
1242
1243
1249
1256
1266
1271
1284
1294
1307
1328
1332
1342
1355
1374
1384
1386
1387
1390
1402
1403
1405
1434
1435
1435
1436
1447
1453
1453
1453
1457
1465
1470
1470
1471
1481
1495
1495
1500
1502
1506
1508
1511
1514
1521
1523
1527
1530
1531
1533
1538
1551
1553
1566
1568
1570
1576
1578
1581
1583
1600
1603
1611
1632
1643
1643
1656
1661
1662
1673
1673
1682
1683
1689
1691
1694
1695
1697
1697
1706
1710
1718
1726
1726
1729
1731
1738
1742
1744
1747
1750
1756
1762
1780
1782
1785
1790
1790
1795
1801
1802
1821
1833
1835
1836
1839
1849
1853
1855
1860
1862
1862
1864
1864
1867
1868
1870
1883
1884
1897
1903
1922
1924
1930
1932
1944
1946
1948
1952
1958
1961
1974
1975
1976
1980
1980
1981
1983
1985
1991
1994
1999
1999
2006
2007
2009
2009
2011
2026
2027
2036
2036
2038
2044
2045
2050
2056
2057
2062
2072
2077
2079
2091
2094
2095
2123
2127
2127
2130
2133
2142
2143
2149
2159
2165
2174
2179
2181
2181
2183
2188
2189
2191
2192
2195
2202
2205
2207
2208
2209
2212
2215
2215
2216
2218
2219
2220
2225
2228
2243
2245
2247
2248
2251
2253
2258
2263
2270
2274
2277
2284
2288
2288
2292
2292
2295
2296
2298
2300
2300
2305
2307
2310
2318
2319
2320
2322
2334
2346
2347
2348
2361
2362
2364
2365
2365
2367
2371
2371
2372
2379
2383
2385
2397
2399
2408
2410
2413
2414
2418
2430
2430
2430
2435
2437
2441
2443
2445
2449
2451
2456
2459
2461
2461
2469
2470
2471
2475
2475
2476
2478
2481
2484
2485
2487
2489
2490
2490
2492
2493
2496
2496
2496
2504
2505
2529
2531
2536
2541
2546
2547
2550
2551
2553
2555
2561
2565
2576
2581
2583
2598
2599
2608
2608
2614
2615
2621
2623
2623
2631
2634
2640
2640
2644
2651
2653
2655
2660
2661
2665
2669
2673
2674
2676
2678
2678
2687
2688
2688
2688
2690
2690
2693
2694
2700
2700
2702
2703
2704
2705
2708
2714
2719
2724
2729
2733
2735
2736
2738
2749
2750
2755
2755
2758
2758
2760
2764
2769
2771
2774
2775
2776
2776
2779
2781
2785
2791
2791
2792
2795
2796
2803
2803
2805
2809
2821
2822
2823
2824
2824
2827
2829
2831
2832
2833
2842
2846
2848
2849
2849
2854
2855
2858
2860
2866
2867
2868
2880
2882
2883
2883
2891
2894
2895
2900
2902
2902
2902
2903
2904
2907
2907
2908
2909
2916
2918
2919
2920
2921
2921
2926
2926
2931
2932
2937
2937
2947
2950
2954
2956
2956
2960
2961
2963
2963
2966
2967
2968
2968
2968
2969
2971
2975
2978
2981
2983
2991
2993
3000
3003
3006
3008
3010
3012
3017
3020
3024
3028
3028
3030
3031
3032
3042
3044
3051
3056
3058
3060
3062
3064
3064
3070
3072
3078
3097
3101
3103
3106
3108
3112
3116
3117
3122
3124
3124
3125
3127
3128
3130
3135
3135
3137
3139
3141
3142
3143
3144
3147
3149
3153
3155
3157
3159
3159
3163
3166
3167
3167
3169
3183
3185
3189
3190
3194
3196
3197
3199
3200
3203
3204
3207
3208
3216
3221
3226
3226
3234
3236
3243
3247
3248
3250
3250
3255
3255
3256
3259
3261
3267
3268
3272
3277
3278
3279
3279
3281
3286
3287
3288
3290
3292
3293
3294
3295
3298
3298
3299
3303
3308
3309
3309
3312
3314
3315
3319
3322
3323
3324
3325
3328
3328
3329
3332
3334
3335
3336
3336
3336
3340
3341
3341
3343
3350
3356
3359
3360
3370
3372
3373
3373
3376
3383
3384
3387
3389
3395
3398
3404
3407
3407
3415
3420
3422
3426
3428
3430
3440
3443
3444
3444
3445
3446
3449
3453
3454
3455
3457
3458
3458
3459
3460
3461
3465
3467
3468
3468
3469
3469
3472
3474
3475
3476
3476
3478
3487
3488
3490
3492
3494
3495
3495
3498
3498
3499
3500
3509
3510
3511
3512
3513
3526
3527
3530
3533
3534
3536
3538
3541
3543
3544
3549
3553
3553
3554
3556
3558
3563
3563
3565
3570
3573
3574
3578
3582
3587
3590
3592
3593
3594
3596
3601
3606
3606
3607
3607
3608
3613
3613
3618
3620
3622
3624
3624
3627
3627
3628
3628
3629
3629
3632
3633
3637
3639
3641
3642
3642
3644
3647
3648
3650
3651
3652
3655
3659
3666
3667
3667
3667
3670
3671
3672
3674
3679
3682
3682
3690
3690
3693
3693
3694
3694
3694
3694
3696
3697
3701
3702
3705
3706
3709
3710
3716
3716
3717
3718
3721
3721
3727
3731
3733
3735
3736
3743
3746
3746
3753
3759
3759
3760
3760
3764
3764
3764
3768
3769
3769
3772
3778
3779
3780
3783
3785
3786
3792
3794
3797
3802
3803
3804
3806
3809
3815
3816
3819
3822
3823
3823
3825
3828
3829
3832
3835
3836
3838
3839
3842
3844
3846
3846
3852
3855
3857
3857
3859
3860
3865
3867
3871
3872
3872
3874
3874
3875
3878
3882
3883
3883
3886
3887
3888
3891
3894
3894
3898
3899
3901
3901
3902
3904
3906
3907
3907
3907
3907
3908
3913
3913
3915
3915
3917
3918
3928
3930
3930
3931
3931
3932
3935
3938
3941
3941
3945
3957
3957
3963
3963
3964
3966
3966
3966
3969
3976
3981
3982
3983
3984
3985
3988
3989
3991
3994
3996
3996
3998
4002
4010
4011
4011
4013
4015
4015
4016
4016
4017
4020
4021
4022
4023
4024
4025
4030
4031
4034
4036
4038
4039
4039
4040
4043
4048
4053
4053
4054
4056
4058
4059
4061
4066
4066
4066
4069
4070
4071
4072
4073
4074
4075
4075
4082
4083
4085
4093
4094
4095
4099
4101
4101
4106
4109
4110
4111
4113
4115
4121
4121
4122
4123
4130
4132
4137
4140
4145
4149
4150
4152
4153
4153
4154
4156
4160
4165
4166
4167
4169
4171
4173
4180
4180
4182
4185
4190
4190
4190
4192
4193
4196
4201
4202
4209
4210
4211
4215
4215
4215
4217
4218
4218
4220
4221
4223
4224
4225
4228
4233
4239
4241
4242
4242
4243
4257
4263
4266
4267
4268
4268
4269
4269
4271
4272
4273
4276
4279
4279
4280
4281
4282
4284
4284
4286
4286
4288
4288
4289
4296
4296
4298
4298
4300
4303
4304
4307
4309
4312
4315
4315
4319
4319
4322
4322
4323
4324
4328
4329
4337
4339
4339
4339
4342
4344
4345
4346
4347
4349
4349
4349
4352
4354
4354
4355
4361
4363
4363
4363
4363
4365
4369
4369
4372
4373
4376
4377
4378
4378
4382
4383
4383
4384
4385
4387
4388
4389
4391
4393
4394
4403
4403
4403
4404
4405
4407
4408
4415
4415
4417
4417
4421
4422
4423
4424
4424
4427
4427
4429
4430
4432
4435
4435
4438
4441
4441
4443
4443
4443
4445
4445
4446
4446
4448
4450
4452
4453
4455
4456
4457
4458
4461
4462
4463
4463
4471
4472
4473
4476
4478
4480
4481
4482
4483
4484
4485
4486
4488
4489
4492
4496
4499
4503
4504
4505
4505
4507
4507
4508
4508
4513
4513
4516
4520
4523
4524
4525
4526
4529
4538
4540
4540
4541
4542
4543
4544
4545
4547
4552
4554
4557
4557
4558
4561
4561
4569
4570
4570
4570
4570
4572
4573
4577
4577
4578
4578
4578
4579
4579
4581
4584
4584
4585
4586
4587
4587
4592
4592
4593
4595
4597
4599
4601
4602
4604
4604
4608
4609
4611
4612
4614
4615
4615
4616
4617
4618
4620
4621
4622
4623
4624
4626
4628
4632
4633
4636
4637
4639
4640
4641
4641
4641
4642
4645
4659
4659
4661
4662
4664
4665
4665
4666
4667
4670
4670
4671
4675
4680
4682
4683
4686
4690
4691
4693
4693
4695
4697
4698
4699
4700
4701
4701
4702
4702
4703
4704
4707
4708
4711
4713
4714
4715
4724
4725
4726
4727
4728
4735
4735
4735
4735
4737
4740
4744
4744
4745
4745
4749
4750
4751
4752
4753
4754
4758
4760
4760
4765
4765
4770
4776
4778
4779
4780
4781
4782
4783
4783
4784
4789
4789
4790
4793
4794
4794
4802
4803
4803
4804
4806
4809
4809
4814
4815
4817
4817
4819
4821
4822
4822
4823
4824
4825
4829
4831
4832
4832
4832
4833
4834
4837
4839
4841
4841
4841
4842
4849
4849
4860
4863
4864
4865
4867
4867
4868
4871
4871
4873
4875
4876
4877
4879
4883
4883
4885
4886
4886
4887
4887
4887
4888
4889
4892
4892
4894
4895
4895
4896
4901
4901
4902
4904
4907
4909
4909
4909
4909
4911
4912
4915
4917
4918
4921
4921
4922
4923
4925
4925
4925
4928
4929
4932
4935
4937
4938
4942
4945
4946
4946
4955
4955
4962
4962
4964
4965
4969
4971
4973
4973
4974
4976
4977
4977
4977
4978
4982
4984
4984
4988
4988
4991
4993
4995
4996
4999
5000
5001
5002
5005
5006
5009
5009
5010
5011
5011
5013
5017
5019
5021
5021
5025
5026
5027
5030
5036
5038
5039
5041
5042
5042
5044
5044
5046
5049
5049
5049
5050
5050
5050
5053
5058
5059
5059
5061
5062
5063
5063
5063
5064
5064
5067
5070
5070
5071
5071
5073
5074
5075
5075
5075
5077
5080
5080
5081
5082
5082
5083
5083
5087
5089
5094
5098
5100
5101
5101
5101
5102
5102
5102
5102
5103
5104
5110
5110
5112
5113
5113
5113
5117
5117
5117
5118
5124
5124
5125
5127
5129
5130
5131
5134
5136
5141
5143
5143
5148
5149
5149
5149
5150
5150
5150
5152
5153
5154
5158
5161
5161
5166
5167
5169
5170
5173
5173
5174
5174
5175
5175
5177
5177
5178
5181
5183
5184
5188
5188
5192
5192
5197
5199
5200
5200
5201
5201
5201
5205
5205
5205
5214
5216
5218
5218
5218
5219
5219
5220
5220
5221
5231
5231
5232
5235
5235
5236
5237
5242
5243
5244
5247
5252
5254
5257
5257
5258
5259
5263
5265
5266
5267
5268
5269
5273
5276
5277
5277
5279
5281
5282
5285
5286
5289
5290
5291
5300
5301
5302
5302
5308
5308
5309
5311
5312
5312
5315
5318
5319
5319
5320
5322
5323
5324
5325
5326
5327
5329
5329
5330
5330
5339
5340
5342
5343
5344
5344
5344
5346
5350
5350
5353
5357
5358
5358
5365
5365
5370
5371
5372
5376
5377
5377
5379
5380
5380
5381
5381
5384
5385
5388
5389
5390
5391
5394
5395
5396
5397
5397
5398
5398
5399
5403
5405
5406
5408
5409
5410
5411
5413
5414
5415
5416
5417
5417
5420
5423
5424
5424
5424
5424
5428
5432
5433
5434
5435
5435
5436
5437
5438
5438
5441
5442
5444
5447
5449
5449
5455
5456
5458
5463
5464
5468
5468
5477
5478
5478
5481
5482
5484
5485
5486
5486
5488
5488
5490
5491
5492
5493
5493
5493
5493
5499
5501
5502
5505
5506
5511
5513
5514
5514
5517
5518
5519
5521
5522
5523
5523
5524
5525
5527
5528
5534
5537
5537
5540
5541
5544
5544
5545
5545
5547
5551
5552
5552
5552
5553
5554
5554
5555
5557
5558
5559
5560
5560
5561
5562
5562
5562
5564
5566
5568
5568
5570
5574
5574
5574
5575
5578
5578
5580
5582
5583
5583
5583
5586
5587
5587
5587
5590
5593
5597
5598
5598
5600
5605
5606
5607
5607
5608
5609
5609
5612
5612
5612
5613
5614
5615
5616
5618
5619
5620
5621
5625
5626
5626
5628
5628
5632
5633
5638
5639
5644
5645
5649
5650
5652
5655
5657
5662
5668
5669
5669
5671
5673
5676
5676
5678
5680
5681
5681
5683
5683
5685
5696
5697
5699
5700
5701
5703
5704
5705
5705
5708
5711
5711
5712
5713
5713
5713
5713
5715
5716
5722
5722
5725
5730
5732
5734
5734
5734
5737
5738
5738
5739
5740
5740
5744
5747
5748
5749
5749
5750
5750
5751
5755
5755
5756
5758
5758
5760
5762
5764
5764
5765
5767
5769
5772
5773
5775
5778
5778
5783
5787
5789
5792
5794
5798
5800
5805
5805
5807
5807
5808
5809
5809
5811
5811
5812
5812
5814
5815
5816
5816
5819
5821
5821
5822
5822
5823
5826
5827
5828
5832
5832
5833
5833
5834
5839
5841
5842
5843
5843
5843
5843
5846
5847
5847
5849
5849
5850
5850
5852
5856
5857
5857
5858
5859
5860
5862
5862
5864
5866
5870
5872
5872
5874
5874
5875
5875
5877
5877
5877
5881
5883
5884
5887
5888
5888
5891
5891
5894
5894
5898
5898
5899
5900
5900
5901
5902
5904
5905
5906
5908
5909
5911
5912
5912
5913
5913
5914
5914
5914
5914
5915
5915
5916
5919
5919
5919
5920
5923
5927
5928
5929
5931
5931
5935
5937
5937
5937
5939
5941
5941
5941
5946
5946
5946
5947
5947
5951
5955
5957
5958
5961
5962
5963
5968
5969
5970
5972
5976
5976
5976
5977
5977
5978
5981
5981
5982
5983
5983
5986
5987
5987
5991
5991
5991
5991
5992
5992
5993
5995
5998
5998
6000
6000
6000
6001
6003
6003
6004
6005
6006
6006
6007
6009
6013
6014
6015
6020
6020
6022
6023
6023
6023
6024
6025
6026
6027
6028
6031
6034
6035
6036
6039
6041
6043
6046
6048
6049
6050
6050
6051
6055
6055
6056
6057
6057
6058
6061
6063
6064
6064
6065
6066
6068
6068
6068
6068
6069
6069
6070
6073
6076
6077
6078
6080
6082
6083
6086
6087
6088
6091
6091
6091
6092
6093
6093
6093
6093
6094
6095
6098
6099
6101
6102
6103
6106
6106
6107
6109
6110
6111
6111
6113
6115
6115
6117
6117
6117
6118
6118
6121
6121
6121
6130
6131
6132
6133
6133
6134
6134
6134
6135
6137
6139
6140
6142
6143
6144
6144
6145
6147
6147
6149
6150
6151
6153
6154
6155
6157
6157
6157
6159
6159
6159
6160
6162
6165
6172
6172
6174
6176
6176
6177
6180
6181
6183
6188
6189
6189
6194
6195
6195
6195
6195
6195
6195
6198
6198
6198
6199
6201
6203
6203
6204
6206
6206
6206
6206
6207
6208
6208
6208
6213
6214
6216
6217
6218
6221
6222
6225
6225
6226
6228
6228
6229
6232
6239
6240
6241
6243
6244
6245
6247
6248
6253
6254
6256
6257
6257
6258
6259
6261
6261
6262
6264
6264
6266
6269
6269
6274
6274
6274
6275
6275
6278
6279
6283
6283
6283
6283
6284
6288
6288
6289
6291
6294
6297
6297
6300
6301
6303
6308
6311
6311
6311
6311
6311
6312
6314
6315
6316
6319
6322
6322
6322
6329
6329
6330
6332
6333
6333
6335
6336
6337
6339
6340
6340
6344
6344
6347
6349
6349
6353
6353
6354
6355
6355
6356
6361
6363
6364
6365
6368
6369
6369
6371
6373
6374
6374
6374
6376
6378
6382
6382
6383
6384
6386
6386
6386
6387
6389
6392
6393
6394
6395
6395
6398
6400
6401
6403
6404
6405
6405
6409
6410
6410
6410
6412
6415
6416
6417
6420
6421
6422
6422
6423
6426
6427
6427
6428
6433
6434
6434
6435
6439
6441
6446
6448
6448
6449
6451
6452
6453
6456
6457
6459
6466
6468
6468
6472
6473
6473
6474
6475
6476
6485
6486
6487
6493
6500
6501
6503
6506
6507
6509
6511
6512
6512
6513
6513
6513
6515
6517
6519
6520
6523
6529
6530
6531
6532
6532
6534
6535
6536
6538
6539
6544
6544
6547
6550
6550
6552
6552
6554
6555
6555
6556
6556
6557
6558
6560
6563
6564
6564
6566
6568
6569
6569
6573
6575
6578
6578
6579
6579
6581
6587
6589
6590
6592
6593
6598
6602
6602
6604
6604
6605
6606
6609
6610
6610
6614
6616
6618
6619
6619
6620
6621
6621
6621
6625
6626
6627
6628
6629
6630
6633
6633
6634
6634
6636
6636
6641
6643
6644
6644
6648
6650
6650
6650
6651
6651
6652
6652
6653
6654
6655
6656
6656
6658
6664
6665
6666
6666
6668
6669
6672
6672
6674
6677
6677
6678
6679
6681
6689
6689
6691
6692
6693
6693
6695
6697
6698
6698
6701
6703
6704
6707
6707
6707
6707
6708
6711
6712
6712
6716
6717
6719
6723
6724
6725
6726
6726
6728
6731
6732
6733
6734
6735
6736
6737
6737
6737
6738
6740
6740
6741
6743
6743
6743
6748
6752
6754
6755
6756
6756
6758
6758
6759
6760
6760
6762
6764
6768
6771
6771
6772
6775
6775
6776
6777
6777
6778
6780
6780
6781
6782
6782
6782
6782
6785
6788
6789
6789
6789
6790
6792
6794
6795
6795
6797
6797
6798
6799
6800
6801
6802
6802
6803
6804
6805
6807
6809
6810
6814
6815
6815
6816
6817
6820
6821
6824
6826
6826
6827
6828
6828
6828
6829
6830
6837
6838
6838
6838
6839
6844
6845
6845
6846
6847
6847
6849
6850
6850
6851
6851
6857
6858
6860
6861
6865
6866
6867
6871
6873
6873
6876
6878
6878
6881
6882
6883
6885
6886
6889
6891
6894
6894
6898
6899
6900
6902
6903
6903
6903
6909
6911
6911
6912
6914
6915
6915
6916
6917
6922
6924
6925
6926
6926
6927
6928
6928
6928
6929
6930
6931
6932
6933
6933
6936
6937
6939
6940
6941
6941
6942
6942
6944
6947
6947
6947
6949
6949
6950
6951
6953
6956
6956
6957
6957
6958
6962
6972
6972
6973
6974
6974
6975
6977
6977
6979
6979
6981
6981
6984
6985
6985
6987
6989
6989
6990
6992
6994
6994
6996
6996
6997
6997
6998
7001
7004
7004
7005
7005
7006
7007
7010
7012
7013
7014
7014
7014
7014
7019
7021
7023
7024
7024
7024
7025
7025
7027
7029
7029
7030
7034
7036
7037
7037
7038
7039
7041
7041
7047
7052
7056
7059
7060
7062
7063
7063
7064
7064
7065
7068
7068
7069
7069
7070
7070
7072
7074
7075
7077
7077
7078
7081
7084
7086
7090
7090
7091
7093
7094
7094
7095
7095
7098
7098
7100
7103
7103
7104
7107
7112
7112
7114
7115
7118
7120
7121
7122
7122
7123
7125
7125
7126
7128
7130
7134
7135
7135
7136
7138
7141
7141
7142
7144
7149
7149
7153
7154
7156
7158
7160
7161
7162
7166
7166
7168
7170
7171
7172
7175
7177
7178
7181
7181
7182
7185
7187
7187
7187
7190
7191
7193
7193
7195
7197
7198
7199
7200
7202
7203
7204
7204
7205
7205
7205
7206
7207
7208
7209
7210
7211
7212
7212
7213
7214
7215
7217
7219
7219
7220
7220
7220
7221
7224
7226
7227
7229
7231
7235
7237
7237
7238
7239
7239
7241
7242
7243
7243
7244
7244
7245
7246
7247
7254
7255
7255
7255
7260
7262
7262
7263
7265
7265
7266
7267
7267
7267
7268
7268
7269
7270
7271
7271
7272
7275
7275
7276
7278
7278
7278
7279
7280
7280
7281
7283
7283
7284
7286
7287
7291
7297
7298
7301
7302
7304
7305
7306
7307
7309
7310
7310
7311
7312
7312
7319
7322
7323
7330
7333
7335
7338
7343
7344
7348
7350
7350
7350
7351
7352
7353
7354
7356
7357
7359
7362
7362
7365
7367
7367
7374
7374
7375
7376
7376
7378
7379
7379
7379
7380
7381
7382
7383
7383
7384
7385
7386
7388
7390
7393
7393
7394
7395
7395
7396
7401
7402
7402
7403
7404
7406
7410
7412
7412
7413
7413
7413
7416
7417
7418
7420
7420
7420
7424
7426
7426
7426
7426
7427
7428
7428
7429
7429
7430
7430
7432
7432
7433
7433
7433
7437
7438
7440
7445
7445
7445
7446
7446
7446
7447
7449
7451
7453
7454
7455
7458
7459
7463
7464
7465
7466
7469
7469
7470
7474
7474
7474
7475
7476
7476
7478
7478
7488
7491
7492
7492
7493
7496
7502
7502
7504
7504
7505
7505
7509
7509
7509
7510
7510
7511
7512
7512
7514
7514
7515
7515
7515
7516
7523
7523
7524
7528
7530
7530
7531
7531
7531
7532
7534
7535
7535
7536
7543
7544
7546
7548
7549
7551
7553
7555
7555
7559
7561
7562
7564
7567
7567
7568
7569
7570
7571
7572
7574
7575
7575
7577
7578
7578
7579
7580
7580
7580
7581
7582
7583
7584
7584
7584
7585
7587
7590
7592
7594
7600
7602
7602
7603
7605
7605
7607
7610
7613
7613
7613
7617
7618
7621
7622
7622
7625
7629
7630
7631
7632
7633
7634
7634
7636
7638
7643
7645
7646
7647
7647
7648
7651
7654
7654
7655
7656
7657
7658
7660
7660
7662
7664
7665
7667
7668
7669
7669
7672
7672
7672
7673
7675
7678
7681
7683
7684
7686
7686
7687
7689
7689
7689
7691
7692
7693
7695
7696
7697
7698
7698
7700
7702
7703
7703
7707
7709
7713
7714
7714
7715
7716
7717
7719
7719
7719
7719
7720
7720
7721
7721
7721
7721
7721
7722
7723
7724
7724
7726
7726
7730
7732
7734
7734
7736
7738
7739
7741
7743
7744
7745
7747
7751
7751
7753
7756
7756
7757
7758
7758
7759
7760
7761
7762
7762
7763
7764
7768
7768
7769
7770
7770
7770
7772
7773
7773
7774
7775
7775
7778
7782
7784
7784
7785
7786
7787
7788
7791
7793
7793
7794
7794
7794
7797
7799
7800
7800
7801
7802
7803
7804
7805
7807
7807
7808
7808
7809
7809
7811
7818
7819
7821
7825
7825
7825
7826
7826
7826
7827
7828
7831
7833
7833
7834
7834
7834
7837
7838
7838
7841
7842
7845
7846
7848
7848
7849
7850
7850
7850
7852
7853
7854
7854
7855
7856
7857
7860
7863
7863
7864
7865
7866
7868
7869
7869
7869
7870
7874
7875
7876
7878
7878
7878
7879
7880
7882
7882
7885
7885
7887
7888
7889
7891
7891
7893
7894
7898
7898
7905
7907
7908
7909
7911
7914
7915
7915
7916
7917
7919
7919
7919
7927
7927
7928
7928
7932
7934
7935
7937
7939
7940
7947
7948
7950
7950
7951
7954
7955
7955
7956
7957
7957
7959
7960
7960
7962
7964
7965
7966
7968
7972
7972
7974
7975
7976
7977
7978
7978
7983
7984
7985
7990
7991
7994
7994
7995
7998
8002
8002
8008
8009
8009
8011
8012
8012
8013
8015
8015
8016
8016
8020
8023
8024
8025
8025
8025
8026
8027
8028
8034
8034
8036
8036
8037
8039
8042
8043
8044
8048
8048
8048
8049
8049
8049
8052
8052
8052
8054
8054
8057
8058
8063
8063
8064
8065
8067
8069
8069
8070
8070
8072
8074
8079
8079
8082
8083
8086
8088
8088
8089
8093
8095
8095
8097
8098
8099
8100
8101
8101
8103
8111
8113
8115
8116
8116
8117
8119
8121
8123
8124
8125
8126
8129
8131
8131
8131
8134
8134
8134
8136
8142
8142
8144
8144
8146
8148
8148
8149
8151
8156
8156
8158
8159
8159
8160
8160
8163
8164
8164
8165
8166
8166
8167
8167
8171
8171
8172
8173
8179
8179
8179
8181
8181
8182
8184
8185
8185
8186
8189
8189
8190
8190
8191
8194
8194
8195
8197
8198
8198
8199
8200
8201
8202
8206
8207
8209
8209
8213
8215
8217
8218
8219
8220
8220
8220
8220
8223
8232
8232
8237
8237
8244
8245
8247
8249
8250
8253
8254
8255
8257
8257
8258
8260
8260
8260
8260
8260
8261
8264
8264
8266
8267
8271
8272
8275
8275
8276
8280
8282
8286
8289
8292
8294
8294
8298
8298
8298
8299
8299
8299
8299
8301
8301
8301
8303
8303
8303
8308
8310
8311
8313
8314
8314
8314
8315
8317
8318
8318
8321
8322
8322
8323
8323
8323
8326
8329
8330
8334
8334
8334
8335
8336
8338
8339
8341
8342
8344
8344
8345
8348
8348
8354
8355
8357
8357
8359
8360
8360
8362
8363
8365
8365
8366
8366
8368
8369
8369
8370
8371
8371
8374
8374
8375
8377
8377
8377
8377
8378
8378
8381
8382
8382
8382
8383
8383
8384
8385
8386
8386
8387
8389
8390
8392
8394
8395
8399
8401
8403
8403
8405
8407
8409
8410
8410
8411
8412
8413
8413
8414
8416
8416
8417
8420
8422
8423
8423
8425
8426
8426
8427
8428
8429
8429
8430
8432
8435
8437
8438
8438
8440
8440
8442
8442
8443
8445
8447
8450
8451
8452
8459
8461
8463
8464
8469
8471
8472
8473
8474
8474
8476
8478
8478
8481
8481
8481
8481
8482
8482
8483
8484
8484
8485
8485
8488
8489
8492
8493
8494
8494
8495
8495
8496
8498
8499
8499
8500
8501
8502
8503
8503
8504
8504
8504
8504
8510
8513
8514
8515
8515
8516
8517
8517
8519
8522
8527
8528
8530
8530
8532
8534
8538
8539
8539
8539
8546
8546
8548
8549
8552
8552
8553
8553
8554
8554
8558
8558
8559
8560
8560
8560
8561
8562
8563
8563
8566
8567
8568
8569
8569
8571
8573
8574
8576
8579
8580
8582
8584
8586
8586
8590
8592
8593
8593
8594
8595
8598
8603
8604
8608
8612
8613
8614
8615
8618
8619
8620
8621
8623
8624
8626
8629
8630
8631
8631
8637
8637
8638
8638
8639
8641
8642
8643
8643
8643
8645
8646
8646
8647
8648
8648
8650
8651
8652
8652
8654
8656
8656
8658
8659
8663
8663
8664
8665
8669
8671
8674
8674
8674
8676
8680
8682
8682
8683
8685
8685
8689
8690
8694
8694
8697
8697
8698
8700
8703
8703
8703
8705
8705
8707
8707
8707
8711
8716
8717
8719
8722
8723
8723
8725
8728
8729
8733
8736
8736
8737
8739
8740
8743
8744
8745
8746
8747
8749
8749
8750
8750
8753
8755
8757
8758
8759
8760
8761
8762
8766
8767
8768
8769
8769
8770
8770
8771
8771
8776
8776
8777
8779
8780
8783
8783
8785
8785
8785
8786
8790
8792
8792
8792
8793
8798
8801
8805
8806
8807
8808
8808
8808
8809
8811
8811
8813
8814
8815
8816
8816
8818
8823
8823
8824
8825
8827
8827
8828
8829
8830
8832
8833
8834
8836
8837
8837
8841
8842
8848
8848
8852
8852
8853
8854
8857
8858
8859
8859
8861
8861
8862
8863
8864
8865
8867
8869
8870
8872
8880
8881
8881
8882
8885
8893
8897
8899
8899
8900
8901
8902
8903
8904
8908
8910
8911
8911
8912
8912
8916
8917
8919
8921
8922
8922
8925
8927
8934
8934
8936
8936
8939
8940
8941
8942
8943
8943
8949
8949
8954
8955
8955
8956
8956
8958
8958
8959
8961
8961
8966
8967
8970
8973
8977
8977
8977
8979
8981
8983
8983
8985
8985
8986
8988
8989
8989
8991
8991
8992
8992
8994
8995
8996
8996
8997
8998
8999
9000
9000
9000
9001
9002
9004
9010
9014
9016
9016
9017
9019
9019
9020
9021
9028
9028
9029
9029
9030
9030
9030
9034
9034
9037
9037
9038
9042
9042
9044
9046
9046
9047
9049
9050
9051
9052
9052
9052
9054
9054
9054
9055
9057
9060
9061
9061
9061
9062
9062
9064
9065
9069
9070
9072
9073
9073
9074
9078
9081
9082
9082
9083
9086
9088
9089
9089
9090
9091
9091
9093
9094
9094
9095
9095
9095
9095
9096
9098
9101
9103
9106
9107
9108
9108
9109
9112
9112
9113
9113
9115
9115
9118
9118
9120
9120
9123
9124
9127
9128
9130
9131
9131
9132
9134
9134
9141
9141
9143
9144
9144
9144
9144
9146
9147
9147
9147
9151
9151
9154
9155
9155
9156
9156
9157
9158
9158
9160
9163
9163
9167
9170
9170
9171
9173
9173
9175
9175
9176
9176
9180
9180
9180
9184
9187
9188
9189
9190
9192
9192
9194
9195
9196
9197
9198
9200
9200
9202
9203
9205
9205
9205
9206
9206
9207
9207
9209
9211
9212
9214
9215
9215
9216
9217
9219
9219
9221
9223
9224
9226
9227
9227
9228
9228
9229
9235
9236
9236
9238
9239
9241
9243
9245
9247
9249
9250
9252
9252
9252
9254
9256
9261
9261
9266
9266
9267
9267
9268
9273
9274
9275
9276
9279
9281
9283
9284
9286
9286
9290
9291
9291
9291
9292
9294
9299
9300
9300
9301
9302
9303
9307
9308
9311
9312
9312
9313
9315
9315
9315
9316
9316
9316
9317
9319
9319
9320
9320
9321
9321
9325
9325
9327
9328
9331
9333
9334
9335
9335
9339
9340
9340
9342
9342
9350
9351
9352
9353
9353
9354
9355
9355
9356
9356
9356
9358
9359
9362
9362
9363
9364
9364
9365
9372
9373
9376
9376
9376
9378
9383
9384
9385
9386
9386
9388
9388
9394
9395
9398
9399
9404
9407
9409
9411
9412
9412
9417
9425
9426
9429
9431
9433
9437
9438
9439
9439
9446
9447
9447
9448
9449
9450
9452
9454
9454
9455
9455
9456
9457
9458
9460
9460
9460
9464
9469
9475
9476
9476
9477
9477
9479
9479
9479
9480
9483
9489
9489
9490
9496
9497
9498
9499
9499
9502
9504
9505
9505
9510
9511
9514
9516
9517
9518
9519
9522
9522
9526
9526
9528
9531
9536
9537
9540
9540
9542
9544
9546
9548
9549
9554
9554
9555
9556
9561
9562
9564
9564
9565
9566
9566
9567
9567
9569
9570
9571
9571
9572
9573
9574
9574
9576
9577
9580
9582
9582
9585
9585
9588
9589
9592
9592
9592
9593
9596
9600
9600
9601
9601
9603
9607
9608
9610
9610
9616
9617
9620
9622
9628
9628
9628
9629
9629
9631
9631
9631
9633
9634
9636
9638
9639
9640
9642
9643
9644
9646
9649
9650
9651
9651
9652
9652
9654
9654
9655
9661
9661
9661
9663
9665
9665
9670
9670
9673
9677
9681
9686
9686
9687
9688
9689
9690
9692
9692
9693
9694
9694
9694
9695
9695
9697
9698
9699
9700
9701
9701
9701
9701
9703
9704
9704
9705
9706
9707
9707
9708
9708
9709
9711
9712
9713
9713
9715
9715
9718
9718
9718
9721
9725
9726
9726
9731
9732
9735
9736
9739
9740
9741
9741
9747
9752
9753
9754
9755
9758
9763
9765
9767
9768
9768
9770
9771
9773
9774
9777
9777
9779
9780
9780
9781
9782
9782
9785
9786
9788
9790
9790
9790
9790
9792
9793
9794
9794
9796
9796
9797
9798
9798
9799
9800
9801
9801
9804
9808
9809
9810
9811
9814
9820
9820
9821
9825
9825
9825
9830
9830
9833
9834
9834
9838
9840
9845
9846
9846
9847
9848
9849
9849
9850
9851
9852
9852
9852
9853
9854
9856
9857
9857
9857
9858
9860
9860
9862
9863
9864
9864
9866
9870
9870
9870
9870
9873
9874
9876
9877
9883
9884
9884
9889
9889
9889
9890
9890
9890
9892
9897
9897
9899
9899
9900
9900
9902
9904
9907
9908
9909
9912
9912
9912
9914
9914
9918
9918
9919
9925
9926
9927
9929
9931
9933
9934
9935
9937
9938
9938
9942
9942
9944
9944
9944
9944
9945
9946
9947
9947
9947
9951
9954
9956
9958
9959
9959
9960
9962
9962
9963
9966
9968
9969
9973
9975
9975
9975
9976
9979
9980
9980
9981
9984
9984
9985
9987
9987
9987
9989
9989
9992
9994
9994
9994
9996
9997
10000
